$ANSIBLE_VAULT;1.1;AES256
32346230613332303138386633396137333337656561303261343061656666646237613038313038
3237613637363335363032363732356663353362356366660a663133393636326562613531373536
61333466636364613238393834363561653461626336383331343731663466313039313938333964
3730376534366238320a303562383035326536333763356366393131363735626163653837646630
35396138313561306437346132346337666132386433313664623939646164333634376639306365
62623364333035666636616263356339393162353266336335373761336133656336663034633231
36663834623731396239643632663730636334626364386563316134353531356266393933653866
32363634346534323135666432333337613863386163346436326232316666636363626236623161
39323231356334653463633831373831363335343735323966626531623261376531633933356339
62666338366530643134303563306331326538363137396338643464663964666265323163346365
30383635346535346236613435393134303731653764656438623131303437373865643035633965
63356665666535623866326665336135316361643839343765373337663839313535643739323562
61363835333730313138363935303463633630336364386231363866633632336236306664626262
65323634343030366530623566373232323533363937643766306332366439663635643534306135
37613264386261666534646536633532343464316435393161366565313561376538646263653037
63626536353564666432303262326234366234376434383230383139653539306439326661336435
36346464356164383363333038336366616434613132666535666530366339613833666331613837
35633234636536626332313739356235353266316439383030336333353133313262373464363739
66303237633562373039643462306364623965383733336434376661393133363665303466386665
32616362313366623931663439386265613336636436346334303935633266393133616634313136
31666533306263366664366337613037663364303065386466643561323139613161323238396334
30613434326261663337376639353661363666376264303061393639373963336531366465303939
61633738326438383433383430633035386233366138303037333939613833623136666531643139
34623933623462626532
